1 0.40204915404319763 0.6250784397125244 0.13966181874275208 0.26760783791542053
1 0.6229254007339478 0.5595250725746155 0.1985643208026886 0.3557135760784149
1 0.8832085728645325 0.46571770310401917 0.23296964168548584 0.3617385923862457
1 0.49505242705345154 0.3903571665287018 0.12946853041648865 0.21349304914474487
1 0.1610407829284668 0.48498478531837463 0.2530205249786377 0.4477018713951111
1 0.7670605778694153 0.8246762752532959 0.22087793052196503 0.35064756870269775
1 0.517715334892273 0.3967607319355011 0.17500057816505432 0.22883392870426178
1 0.1567278504371643 0.8182845711708069 0.30113476514816284 0.363430917263031
1 0.16228719055652618 0.5826140642166138 0.2561696767807007 0.651008665561676
1 0.8833696842193604 0.6386024355888367 0.2327410876750946 0.7026689052581787
1 0.17525914311408997 0.5308057069778442 0.2262325882911682 0.349532812833786
1 0.7679166793823242 0.8234049081802368 0.21629832684993744 0.3531901240348816
1 0.5781692266464233 0.5141342282295227 0.2909085154533386 0.4567404091358185
