1 0.8869373798370361 0.24018827080726624 0.22525425255298615 0.3604976236820221
1 0.693933367729187 0.34684598445892334 0.23450031876564026 0.26348045468330383
1 0.30928319692611694 0.4497675597667694 0.18942657113075256 0.2661594748497009
1 0.7962996363639832 0.6192440986633301 0.1587294489145279 0.18401651084423065
1 0.48117977380752563 0.7115380764007568 0.3203672468662262 0.4391004145145416
1 0.4005054831504822 0.24958287179470062 0.19406010210514069 0.30208587646484375
1 0.5564177632331848 0.7115053534507751 0.171844482421875 0.44162482023239136
1 0.3930805027484894 0.3728218674659729 0.24359162151813507 0.5495103597640991
1 0.20037506520748138 0.5608789920806885 0.32067447900772095 0.6358985900878906
1 0.6988020539283752 0.5102460980415344 0.24652275443077087 0.5906062722206116
1 0.16972212493419647 0.7307506799697876 0.25818052887916565 0.31518134474754333
1 0.30936041474342346 0.5695414543151855 0.19232094287872314 0.5064852833747864
1 0.35535985231399536 0.3597294092178345 0.2891584038734436 0.49772021174430847
